embryo	Experiment	date	GD	hr		t	Stage	max length	max width
Rab3_e5	Rabbit#3	20201020	6	14	0.208333333	6.21	2	638	487
Rab3_e6	Rabbit#3	20201020	6	14	0.208333333	6.21	2	505	363
Rab3_e7	Rabbit#3	20201020	6	14	0.208333333	6.21	1	331	286
Rab3_f1e10	Rabbit#3	20201020	6	14	0.208333333	6.21	 2-3	675	558
Rab3_f1e11	Rabbit#3	20201020	6	14	0.208333333	6.21	 1-2	524	435
Rab3_f1e12	Rabbit#3	20201020	6	14	0.208333333	6.21	2	473	418
Rab3_f1e13	Rabbit#3	20201020	6	14	0.208333333	6.21	NA	NA	NA
Rab3_f1e2	Rabbit#3	20201020	6	14	0.208333333	6.21	 2-3	670	565
Rab3_f1e3	Rabbit#3	20201020	6	14	0.208333333	6.21	NA	NA	NA
Rab3_f1e8	Rabbit#3	20201020	6	14	0.208333333	6.21	1	271	235
Rab3_f1e9	Rabbit#3	20201020	6	14	0.208333333	6.21	 1-2	432	480
Rab7_e2	Rabbit#7	20201229	6	24	0.625	6.63	3	734	549
Rab7_e3	Rabbit#7	20201229	6	24	0.625	6.63	NA	NA	NA
Rab7_e4	Rabbit#7	20201229	6	24	0.625	6.63	3	1310	1024
Rab7_e6	Rabbit#7	20201229	6	24	0.625	6.63	NA	651	587
Rab7_e7	Rabbit#7	20201229	6	24	0.625	6.63	NA	814	676
Rab1_f1e1	Rabbit#1	20200914	7	10	0.041666667	7.04	 2-3	799	614
Rab1_f1e2	Rabbit#1	20200914	7	10	0.041666667	7.04	2	629	560
Rab1_f1e3	Rabbit#1	20200914	7	10	0.041666667	7.04	2	761	598
Rab1_f1e4	Rabbit#1	20200914	7	10	0.041666667	7.04	 2-3	758	585
Rab1_f1e5	Rabbit#1	20200914	7	10	0.041666667	7.04	2	690	526
Rab1_f1e6	Rabbit#1	20200914	7	10	0.041666667	7.04	3	1183	847
Rab1_f1e7	Rabbit#1	20200914	7	10	0.041666667	7.04	3	813	675
Rab6_e1	Rabbit#6	20201129	7	12.5	0.145833333	7.15	4	1298	786
Rab6_e10	Rabbit#6	20201129	7	12.5	0.145833333	7.15	4	1523	958
Rab6_e11	Rabbit#6	20201129	7	12.5	0.145833333	7.15	4	1402	975
Rab6_e2	Rabbit#6	20201129	7	12.5	0.145833333	7.15	3+	556	414
Rab6_e3	Rabbit#6	20201129	7	12.5	0.145833333	7.15	4	1317	1070
Rab6_e5	Rabbit#6	20201129	7	12.5	0.145833333	7.15	4	1405	1067
Rab6_e6	Rabbit#6	20201129	7	12.5	0.145833333	7.15	4	1751	1146
Rab6_e7	Rabbit#6	20201129	7	12.5	0.145833333	7.15	NA	NA	NA
Rab6_e8	Rabbit#6	20201129	7	12.5	0.145833333	7.15	4	1467	909
Rab6_e9	Rabbit#6	20201129	7	12.5	0.145833333	7.15	4	1350	960
Rab1_f2e2	Rabbit#1	20200914	7	16.5	0.3125	7.31	NA	1233	547
Rab1_f2e3	Rabbit#1	20200914	7	16.5	0.3125	7.31	3+	1609	1323
Rab1_f2e4	Rabbit#1	20200914	7	16.5	0.3125	7.31	4	1171	889
Rab1_f2e5	Rabbit#1	20200914	7	16.5	0.3125	7.31	NA	NA	NA
Rab1_f2e6	Rabbit#1	20200914	7	16.5	0.3125	7.31	4	1817	901
Rab1_f2e7	Rabbit#1	20200914	7	16.5	0.3125	7.31	4	1730	805
Rab1_f2e8	Rabbit#1	20200914	7	16.5	0.3125	7.31	4	1217	805
Rab1_f2e9	Rabbit#1	20200914	7	16.5	0.3125	7.31	4	1617	913
Rab5_e1	Rabbit#5	20201125	7	24	0.625	7.63	4	1977	1051
Rab5_e2	Rabbit#5	20201125	7	24	0.625	7.63	4	2060	1227
Rab5_e3	Rabbit#5	20201125	7	24	0.625	7.63	4	703	471
Rab5_e4	Rabbit#5	20201125	7	24	0.625	7.63	5	2129	1244
Rab5_e5	Rabbit#5	20201125	7	24	0.625	7.63	4	617	369
Rab5_e6_Anterior	Rabbit#5	20201125	7	24	0.625	7.63	4	879	800
Rab5_e6_Posterior	Rabbit#5	20201125	7	24	0.625	7.63			
Rab5_e7	Rabbit#5	20201125	7	24	0.625	7.63	 4-5	1086	484
rab2_f1e1	Rabbit#2	20200929	8	10	0.041666667	8.04	6	1854	900
rab2_f1e2	Rabbit#2	20200929	8	10	0.041666667	8.04	6	1872	1007
rab2_f1e3	Rabbit#2	20200929	8	10	0.041666667	8.04	6		
rab2_f1e4	Rabbit#2	20200929	8	10	0.041666667	8.04			
rab2_f1e5	Rabbit#2	20200929	8	10	0.041666667	8.04	5?		
rab2_f1e6	Rabbit#2	20200929	8	10	0.041666667	8.04	6	1842	1127
rab2_f1e8	Rabbit#2	20200929	8	10	0.041666667	8.04			
rab2_f1e9	Rabbit#2	20200929	8	10	0.041666667	8.04			
rab2_f2e1	Rabbit#2	20200929	8	17.5	0.354166667	8.35	5	2134	1175
rab2_f2e2	Rabbit#2	20200929	8	17.5	0.354166667	8.35	5	1971	1272
rab2_f2e3	Rabbit#2	20200929	8	17.5	0.354166667	8.35	6	2599	1190
rab2_f2e4	Rabbit#2	20200929	8	17.5	0.354166667	8.35	5+	2605	1363
rab2_f2e5	Rabbit#2	20200929	8	17.5	0.354166667	8.35	6	2557	1167
Rab8_e1	Rabbit#8	20210112	8	22	0.541666667	8.54	6	2335	995
Rab8_e2	Rabbit#8	20210112	8	22	0.541666667	8.54	2-3 somites	2727	1222
Rab8_e3	Rabbit#8	20210112	8	22	0.541666667	8.54	2-3 somites	2704	1241
Rab8_e4	Rabbit#8	20210112	8	22	0.541666667	8.54	6	2208	801
Rab8_e5	Rabbit#8	20210112	8	22	0.541666667	8.54	5	2014	984
Rab8_e6_Anterior	Rabbit#8	20210112	8	22	0.541666667	8.54	3 somites	3225	1082
Rab8_e6_Posterior	Rabbit#8	20210112	8	22	0.541666667	8.54			
Rab8_e6_Trunk	Rabbit#8	20210112	8	22	0.541666667	8.54			
Rab4_e1	Rabbit#4	20201021	9	10	0.041666667	9.04	15 somites		
Rab4_e10	Rabbit#4	20201021	9	10	0.041666667	9.04	13 somites		
Rab4_e2	Rabbit#4	20201021	9	10	0.041666667	9.04	15 somites		
Rab4_e3	Rabbit#4	20201021	9	10	0.041666667	9.04	14 somites		
Rab4_e4	Rabbit#4	20201021	9	10	0.041666667	9.04	11 somites		
Rab4_e5	Rabbit#4	20201021	9	10	0.041666667	9.04	13 somites		
Rab4_e6	Rabbit#4	20201021	9	10	0.041666667	9.04	11 somites		
Rab4_e7	Rabbit#4	20201021	9	10	0.041666667	9.04	16 somites		
Rab4_e8	Rabbit#4	20201021	9	10	0.041666667	9.04	16 somites		
Rab4_e9	Rabbit#4	20201021	9	10	0.041666667	9.04	16 somites		
rab13_e1	Rabbit#13	20210712	6	11	0.083333333	6.08	0	0	0
rab13_e2	Rabbit#13	20210712	6	11	0.083333333	6.08	0	0	0
rab13_e3	Rabbit#13	20210712	6	11	0.083333333	6.08	0	0	0
rab13_e4	Rabbit#13	20210712	6	11	0.083333333	6.08	0	0	0
rab13_e5	Rabbit#13	20210712	6	11	0.083333333	6.08	0	0	0
rab13_e8	Rabbit#13	20210712	6	11	0.083333333	6.08	0	0	0
rab13_e9	Rabbit#13	20210712	6	11	0.083333333	6.08	0	0	0
rab13_e10	Rabbit#13	20210712	6	11	0.083333333	6.08	0	0	0
rab13_e11	Rabbit#13	20210712	6	11	0.083333333	6.08	0	0	0
0830e1	Rabbit#11	20210830	7	20	0.458333333	7.458333333	4*	1752	999
0830e2	Rabbit#11	20210830	7	20	0.458333333	7.458333333	4*	1270	719
0830e3	Rabbit#11	20210830	7	20	0.458333333	7.458333333	4*	1768	1053
0830e4	Rabbit#11	20210830	7	20	0.458333333	7.458333333	4*	1467	1034
0830e5	Rabbit#11	20210830	7	20	0.458333333	7.458333333	4*	1688	1334
0830e6	Rabbit#11	20210830	7	20	0.458333333	7.458333333	4*	1207	947
0830e7	Rabbit#11	20210830	7	20	0.458333333	7.458333333	4*	1673	1092
0830e8	Rabbit#11	20210830	7	20	0.458333333	7.458333333	4*	1825	1210
0830e9	Rabbit#11	20210830	7	20	0.458333333	7.458333333	4*	1402	1025
0830e10	Rabbit#11	20210830	7	20	0.458333333	7.458333333	4*	1401	912
0830e11	Rabbit#11	20210830	7	20	0.458333333	7.458333333	4*	1692	1180
Rab9_e2	Rabbit#9	20210608	7	20.25	0.46875	7.46875	NA	NA	NA
Rab9_e5	Rabbit#9	20210608	7	20.25	0.46875	7.46875	NA	NA	NA
Rab9_e4	Rabbit#9	20210608	7	20.25	0.46875	7.46875	NA	NA	NA
Rab9_e6	Rabbit#9	20210608	7	20.25	0.46875	7.46875	NA	NA	NA
Rab9_e1	Rabbit#9	20210608	7	20.25	0.46875	7.46875	NA	NA	NA
Rab9_e3	Rabbit#9	20210608	7	20.25	0.46875	7.46875	NA	NA	NA
0824e1	Rabbit#10	20210824	7	27	0.75	7.75	0	0	0
0824e2	Rabbit#10	20210824	7	27	0.75	7.75	0	0	0
0824e3	Rabbit#10	20210824	7	27	0.75	7.75	0	0	0
0824e4_anterior	Rabbit#10	20210824	7	27	0.75	7.75	0	0	0
0824e4_posterior	Rabbit#10	20210824	7	27	0.75	7.75	0	0	0
0824e4_middle	Rabbit#10	20210824	7	27	0.75	7.75	0	0	0
0824e5	Rabbit#10	20210824	7	27	0.75	7.75	0	0	0
0824e6	Rabbit#10	20210824	7	27	0.75	7.75	0	0	0
Rab15_e1_head	Rabbit#15	20220119	8	13	0.166666667	8.17	0	0	0
Rab15_e1_midAnt	Rabbit#15	20220119	8	13	0.166666667	8.17	0	0	0
Rab15_e1_midPost	Rabbit#15	20220119	8	13	0.166666667	8.17	0	0	0
Rab15_e1_tail	Rabbit#15	20220119	8	13	0.166666667	8.17	0	0	0
Rab15_e6	Rabbit#15	20220119	8	13	0.166666667	8.17	0	0	0
Rab15_e7	Rabbit#15	20220119	8	13	0.166666667	8.17	0	0	0
Rab15_e8	Rabbit#15	20220119	8	13	0.166666667	8.17	0	0	0
Rab15_e9	Rabbit#15	20220119	8	13	0.166666667	8.17	0	0	0
rab14_e1	Rabbit#14	20220106	8	1900	0.416666667	8.42	0	0	0
rab14_e2	Rabbit#14	20220106	8	1900	0.416666667	8.42	0	0	0
rab14_e3	Rabbit#14	20220106	8	1900	0.416666667	8.42	0	0	0
rab14_e4	Rabbit#14	20220106	8	1900	0.416666667	8.42	0	0	0
rab14_e5	Rabbit#14	20220106	8	1900	0.416666667	8.42	0	0	0
rab14_e6	Rabbit#14	20220106	8	1900	0.416666667	8.42	0	0	0
rab14_e7	Rabbit#14	20220106	8	1900	0.416666667	8.42	0	0	0
rab14_e8	Rabbit#14	20220106	8	1900	0.416666667	8.42	0	0	0
rab14_e9	Rabbit#14	20220106	8	1900	0.416666667	8.42	0	0	0
rab14_e10	Rabbit#14	20220106	8	1900	0.416666667	8.42	0	0	0
Rab12_e1	Rabbit#12	20210913	8	22	0.541666667	8.541666667	9 somites	0	0
Rab12_e2	Rabbit#12	20210913	8	22	0.541666667	8.541666667	0-1 somites	0	0
Rab12_e3	Rabbit#12	20210913	8	22	0.541666667	8.541666667	10 somites	0	0
Rab12_e4	Rabbit#12	20210913	8	22	0.541666667	8.541666667	12 somites	0	0
Rab12_e5	Rabbit#12	20210913	8	22	0.541666667	8.541666667	6 somites	0	0
Rab12_e6	Rabbit#12	20210913	8	22	0.541666667	8.541666667	9 somites	0	0
Rab12_e8	Rabbit#12	20210913	8	22	0.541666667	8.541666667	1 somites	0	0
